score1:0.125
score2:0.28125
score3:0.31249999999999994
score4:0.4
score:0.2796875
