score1:0.1875
score2:0.28125
score3:0.26666666666666666
score4:0.36538461538461536
score:0.2752003205128205
