score1:0.1875
score2:0.1875
score3:0.33333333333333337
score4:0.390625
score:0.27473958333333337
