score1:0.1875
score2:0.25
score3:0.3095238095238095
score4:0.38461538461538464
score:0.28290979853479853
