score1:0.6078431372549019
score2:0.7156862745098039
score3:0.6666666666666666
score4:0.6511627906976745
score:0.6603397172822618
